  -0.017212814331100                   0  -0.178700000000000
  -0.015564597749900                   0  -0.169809620023000
  -0.013683430115100                   0  -0.163145863712000
  -0.009379856811310                   0  -0.154293157222000
  -0.004284029623600                   0  -0.149599404353000
   0.001418695865230                   0  -0.147020492823000
   0.007067071604880                   0  -0.145168066879000
   0.008743256553530                   0  -0.144480479635000
   0.009709766212460                   0  -0.143665681601000
   0.007929980988760                   0  -0.141951930582000
   0.002447504137720                   0  -0.139995636857000
  -0.003220692868400                   0  -0.137999645821000
  -0.006835025417460                   0  -0.135367903215000
  -0.009666481525800                   0  -0.131268197182000
  -0.010739837240900                   0  -0.125513996128000
  -0.010124975037600                   0  -0.122732582326000
  -0.008625263737460                   0  -0.120434357372000
  -0.004466621602380                   0  -0.118705502163000
  -0.001145809444450                   0  -0.118968982547000
   0.001904271584110                   0  -0.120254788282000
   0.006048280188410                   0  -0.123963157158000
   0.009308695258590                   0  -0.128268538769000
   0.011487285161300                   0  -0.131689051212000
   0.013553248982500                   0  -0.134106494994000
   0.016936374995500                   0  -0.135053731761000
   0.018765843680000                   0  -0.132943188445000
   0.019833454928900                   0  -0.128933547325000
   0.022325111668400                   0  -0.123686734139000
   0.025420171622600                   0  -0.119413928864000
   0.029763552913600                   0  -0.116671870531000
   0.034721663090400                   0  -0.116261859294000
   0.040238610088600                   0  -0.118023510823000
   0.043213417904100                   0  -0.119926216554000
   0.047173587464100                   0  -0.123836400725000
   0.049210280989200                   0  -0.126671381384000
   0.052777832540000                   0  -0.131446902847000
   0.054836981039500                   0  -0.133371092895000
   0.058903042020900                   0  -0.135158261499000
   0.062126304996900                   0  -0.133743637323000
   0.066563881073700                   0  -0.128311858693000
   0.070403633647800                   0  -0.123130212658000
   0.076244845691600                   0  -0.117272948993000
   0.081424293322700                   0  -0.113925221222000
   0.091059333325800                   0  -0.109848534389000
   0.099384641051900                   0  -0.106996444661000
   0.105635030092000                   0  -0.103729068128000
   0.113143249745000                   0  -0.096640694648300
   0.119266711174000                   0  -0.089703543407300
   0.126426360266000                   0  -0.084499943991000
   0.138285853862000                   0  -0.079362259340100
   0.147969942745000                   0  -0.073507581922700
   0.152188249832000                   0  -0.068766555714200
   0.154979242627000                   0  -0.063146535275900
   0.156072628560000                   0  -0.056169094030000
   0.155869001862000                   0  -0.048969806538100
   0.155051275079000                   0  -0.036626525492600
   0.154380422083000                   0  -0.022134993317000
   0.154669694455000                   0  -0.010305111951600
   0.154014182156000                   0   0.001221929426810
   0.150171498854000                   0   0.009700518075040
   0.144808235964000                   0   0.015437531248200
   0.138990233563000                   0   0.017671650416500
   0.131735823491000                   0   0.016929932978400
   0.126266256511000                   0   0.013872094205100
   0.121408563557000                   0   0.009695141377160
   0.112361321551000                   0   0.000962307997938
   0.106330276355000                   0  -0.005800000000000